41
67
-26500 15724 -29358 -24464 28145 16827 491 11942 5436 14604 -153 -12382 18716 -19895 21726 11538 19912 26299 9894 23811 -30333 4664 7711 6868 27644 -32757 12859 9741 778 -3035 -1842 -30106 -8942 -22648 -23805 -6729 -15350 -31101 3548 12623 -19954 -11840 -7376 26308 -32439 -11323 21538 -2082 16541 31115 29658 -9930 2306 22386 28745 -19072 -5829 15573 16512 -13290 18636 24767 15574 12052 -1150 21724 -3430
307
18007 15457 27753 14945 32209 -24221 -6422 -27506 -16413 -900 18762 17410 27624 21548 27595 3602 -10291 -9374 -4596 27348 19668 -8281 -53 26418 -6900 -18127 3728 24648 17807 14310 22813 -14309 -18935 20600 16519 -22798 6224 -5844 14989 -3195 3093 30523 29314 7448 -13458 -20580 -14798 19589 -28009 20472 -18538 -6038 18190 7958 19815 -19156 16202 -24272 20328 -26362 -18875 29869 -23844 -21881 -10322 10021 3557 -27892 5075 -2600 -21003 17861 -13401 15255 5002 24182 27088 -28617 9832 -4169 -25721 19976 2368 -21425 3434 7441 -30145 -21718 16139 16279 -16687 22549 19866 193 3297 -28286 24488 -12455 -18114 31316 5786 4313 31185 912 -1832 4313 -28321 -23646 -481 -23196 -7129 5535 -11173 -12044 26292 17253 -26154 -4745 13186 4474 -2168 -18787 17958 10202 26477 -9314 -29334 -24372 11833 -7487 7518 17773 -1763 -17192 3102 -29213 4802 30527 1543 -11023 -13061 31003 -17505 22725 8492 -17222 -13064 -19187 -22413 -14270 -235 19711 -18896 7285 -140 -2695 -28019 26576 -22658 -17371 -4678 23851 -1018 -21119 -2800 31060 -9010 32170 9576 12043 -7164 7882 -29565 29577 -2625 5629 -25423 -6902 -123 -3737 10195 1264 -6202 -5030 -29011 6411 21153 -29790 -30188 4940 18662 30900 18958 -8365 11477 -26058 2303 -19357 -6477 -21113 19801 -14460 -12993 -19405 -31111 -12835 -6072 -18823 20556 -1626 8526 29337 23869 12896 -29617 -12717 -11585 24423 24229 6559 -22296 12053 -3584 -6654 -21457 22532 2607 911 10067 -4675 -2223 -23754 22741 21459 3221 -1626 -15205 23850 -22279 12193 -1637 -5556 10176 6962 -15881 -14413 19855 13142 -27611 20424 -1752 28296 10040 875 -12818 -1017 -28112 13169 20040 -28685 -19497 25990 19353 -18651 -22044 -335 11192 25264 28503 23775 -29292 17549 -25561 6467 26129 -27813 -20601 20215 8213 -25824 23392 2670 -28027 -10075 -15498 -6287 32604 21221 5706 9010 27489 -12164 -7619 7591 -31818 -750 4975 303 -21098 13584 -2971 -22913 21545 -17546 -1769 -8519 28289
344
18540 25508 -27870 28323 -24472 -25087 -29763 17103 3527 -26969 5565 -21543 2088 12637 26463 4681 -11342 -32060 1758 -20888 -690 12843 -25620 -27067 -20783 32226 7038 25629 -15748 3359 24766 -14955 -32726 21025 31001 9496 -9515 -23342 17913 -31196 -25072 -14606 24429 -6705 -29812 30093 16036 -29141 -5994 -6652 -30838 -1355 1131 -17841 2011 4186 -1650 -21634 10353 -13452 -7262 5454 16634 14256 -11124 4213 24028 -21080 -16858 -24155 15264 3676 26909 -3561 24948 -13653 -2220 -6923 19369 -20259 -22619 30003 9781 -12392 25313 -5589 -5938 6410 6234 -9961 6493 25269 28869 -14700 26264 16215 7815 -3039 -29288 -1954 20710 -24774 -29815 6541 1679 -25898 788 18132 -28689 10008 15790 21363 -25184 -7200 1885 -1071 22867 14295 -20825 -15629 -2598 4693 -30080 -12249 1528 7864 8405 -6816 -27726 -29087 19964 -5686 11662 6064 20415 -29873 -23941 31762 27531 -12268 -5602 24307 1012 -26630 -26809 -23556 -21293 -29152 -25345 -248 13712 30114 7958 -29704 1052 7479 -26423 -10866 32498 -21196 -26633 -12022 -18392 3925 29458 -30807 -27830 -14600 -20799 -20448 -540 4575 -9567 -18397 -19897 -13851 -24230 16925 -229 -10940 -15147 -1655 792 31754 -23146 -26946 -19569 -27663 24515 475 20528 -12570 9464 28962 30524 17469 -31923 -14333 10910 16336 1278 7636 -28164 19949 2505 10004 2623 -9970 -30568 7085 -18373 -8194 -23826 -7572 14640 -18819 32611 20289 5565 7585 -31450 2609 -9166 16074 30300 9573 13161 -17968 -26031 -19426 -10422 -8779 -23552 -25391 5764 -1364 -28255 -474 -26821 -25547 9789 30195 -7950 754 1012 -23439 -5912 -5967 -4415 -17223 26434 -29486 958 26806 -18700 17692 28532 -30974 5021 26222 2376 26948 17982 -14776 -31111 -23856 -8925 -6486 15969 7534 22668 -21991 -7783 -7727 -15871 17612 11027 -5545 -7185 -24237 21313 8850 -2111 -28149 -1454 681 20267 19793 -25472 -22830 28442 13877 -702 -1381 -8823 8023 16595 2327 -31310 -11058 -9487 -32528 2258 9860 21286 -8610 -7128 -5841 -3503 24865 -1881 22750 -18598 -2661 32756 20278 19435 32075 -1386 8360 -26048 -29492 23840 -1735 -11599 21892 -7328 -11369 -21794 -9252 17432 7208 -3497 27649 26841 16100 -30648 19851 -28633 27200 -9990 4919 -22578 32544
140
899 8483 -7492 28252 1560 -1840 2785 31540 28791 -13210 21578 30971 73 1620 13826 -19790 -13578 20418 159 12924 -10380 -27967 -6477 15370 14196 -13722 19019 11056 -31163 13716 -25452 4954 2862 -15460 10904 20136 -9198 -14387 -7240 17006 -241 -25249 31758 29621 7296 -15678 -13579 -27577 -14007 24081 2678 -27753 11784 3093 -6172 29929 -10168 11191 8922 -5651 -2144 -31577 14629 -5874 15469 -8146 9091 26949 20640 -236 9487 -28162 23183 -30180 3065 2513 12578 -16878 -4611 2445 -29975 24750 3333 22214 -27007 -8896 28522 -31810 7231 6705 6321 -31351 24208 -22276 30189 -27666 -3455 -29614 -29253 31348 10861 29082 14197 -8752 17296 26021 15947 -18318 11376 -29859 -12074 6922 1643 -8153 -4747 -19926 -6450 24961 20855 5716 31561 6473 -1550 1181 2699 -18643 7172 9981 -13476 8247 -16671 32372 -3989 -23165 9658 17206 -16948 -27171 -3396 31020
94
14788 17984 28978 4015 -3684 -17906 -12097 -24390 11785 -19199 -20710 15813 6085 -3580 7267 13444 -14507 -17827 -26431 -30271 -4693 337 17604 406 -29022 5000 -17537 -21388 13289 3181 16584 10761 8217 17482 15665 22104 -19095 30221 -21781 -8106 -3343 27080 -14868 13713 -3251 -12079 -17040 12933 20663 26653 -2095 11874 -26835 -8976 5725 24808 9156 -17832 10440 21562 21962 -1836 31202 -10080 -12076 -31493 -8546 -24773 8880 11072 -707 20666 23588 17168 19396 1009 -18136 18762 742 17922 -9248 -27368 9714 -13290 12759 21895 22640 24199 24791 8681 -8753 32029 7042 20083
220
-32718 -31063 20652 -4769 -15005 1594 24326 -21323 -7679 -32588 -29271 29221 -20183 23955 -24779 -13262 23487 -29033 -12935 15993 -24962 11001 11807 2669 -32671 12998 13597 -8838 -7372 21028 -28801 13490 -31601 11197 -19771 29301 7721 17421 18610 16741 -31812 23015 3393 -15279 -1608 -3822 24245 -144 -31339 -24604 22225 -21724 2330 28223 -29130 -4987 18805 -5750 27338 28135 32209 -23224 -26737 -31920 -10293 6734 31056 -8184 28382 6741 -24684 12279 20667 -24125 -12737 -32119 10737 20556 16060 8793 -2136 -14875 21184 -8719 -20476 3351 16290 -23072 12189 31490 14893 17063 25903 24176 1695 32468 -21083 29515 29993 -15722 -24828 24399 -11891 26943 -14243 2702 20502 10687 -15891 18413 -22816 -13162 29126 -19877 -26260 26705 -2663 -32195 -16360 -18588 28245 32425 13189 -13063 30502 9099 17226 30048 1570 -9458 8456 11531 -26819 10556 31495 -30591 3388 7450 6272 29383 1775 -23569 -17954 -3585 25333 10490 4750 10722 19611 -30338 23258 2352 -479 -32683 -10002 -4422 6135 -12361 -22194 23188 -4042 23941 7469 4380 14964 -20061 20073 -9462 28102 5154 31552 -19149 -2244 -13049 -24065 19552 18470 6747 5869 -10498 27352 28053 14522 -1563 -9850 -7240 9492 28580 27616 -19178 -14615 -26798 31635 2883 -18902 -19420 -19022 25841 -28888 31717 -13698 11749 10389 -25619 2003 -13028 14589 -18630 -19864 12295 -29681 -26610 31071 -6459 16840 27037 22630 -12993 -32203 8290
62
20997 18423 -16717 -28703 -4883 22659 20386 32765 16840 1497 29250 -8421 30581 3271 27999 -24979 -10700 -2461 -205 -18828 11622 -3760 -12935 30614 18493 -19161 -10538 -20538 -21555 16371 -5752 -15433 29065 -2401 -12759 30548 18792 12933 17103 -28211 -24668 7498 15248 11647 30931 30875 -25449 -24599 1443 18154 4434 23967 -11393 -29866 30308 18684 -22667 -32469 -30811 -16090 23743 -10599
74
506 -17589 -27809 11447 -3818 -17975 -25089 30066 -6840 -14676 28641 -17651 8187 21085 -31250 -4755 28128 -24277 -26424 3872 -30885 -6646 6478 24925 31260 20778 13855 -12927 25134 22675 -16334 2737 -5974 -20356 32080 32145 -1825 -13573 -13037 -9905 -1717 -19539 10946 30231 839 -20829 3394 19645 -675 -32072 2480 -26897 -29608 23277 20134 9078 -20169 -27478 21138 31426 1677 6724 27700 28862 -18448 684 -15137 13993 -2944 821 -24643 -10677 29857 8891
64
6915 -17929 4715 12536 27759 -13452 24241 12448 11798 -10324 -18133 15038 -6862 5084 14878 27085 -23024 23105 -15765 15407 13784 -14790 -10891 18085 -25190 -17998 -32018 30424 21376 -29669 -12927 26068 -9102 -12600 14318 -14984 2556 -4632 -26814 7239 -25020 2554 -7441 -13642 -16321 -13946 -18509 17708 6533 -14804 10142 -17260 31620 9578 113 4591 -20415 -29761 -28411 16251 -13370 -5507 17584 23101
89
-15441 -17013 -14855 -7093 -25402 -13543 6266 15275 -532 5469 32729 27892 17953 -22570 19472 22494 28440 14262 28607 -4360 11171 -29947 -14523 489 -17887 -26632 -25739 -8522 8160 24705 1259 -31687 42 22045 -13388 -3154 -11833 -26919 6738 25776 -24314 -13053 16469 -9722 -29007 26260 13793 -18717 31376 -16626 1334 -14171 -8964 -18866 30664 13000 -21100 25476 10943 3789 11385 -11434 -29561 14504 -23888 -12157 -5123 -4074 -13837 25318 16292 3832 6461 31461 -28498 17291 -14179 2317 -1595 5936 7028 27909 17981 26569 -1883 5385 -5230 28681 8310
266
13171 31245 -6238 2047 4592 32657 53 20580 -22530 24320 -13377 -16586 -4489 29744 -26610 -26919 5927 28119 22716 -21396 11458 -24593 -29849 -24272 -12294 -26333 -4229 10428 22241 22688 -12033 2270 32261 -2208 -22162 -6878 1897 6538 30783 -22795 -18633 24557 26134 18135 -2593 21693 -22951 -11094 5174 -6097 2695 23492 -20237 -613 -21710 5628 28786 -18840 -28569 -27393 -14962 -12527 13194 14713 18913 19664 28995 -14381 -29909 -21768 -22511 -4235 14633 -1862 27577 2340 -15100 -6558 -3154 16430 21295 15623 -2927 30211 11754 -12253 21321 26528 31000 24671 -7452 14631 -8934 -7986 -14248 28765 -10312 -25052 23987 -32557 -29556 -5450 -7301 24099 -19044 75 -19050 -14066 -19801 13843 3380 7918 1363 -6329 -28854 24979 666 27577 3402 23292 2872 -30323 15948 25197 -22908 13993 26781 -17610 -27256 8965 20769 20253 23684 -32145 -833 26900 -23994 13885 -18281 -16256 -10872 -23901 -10635 -32471 7137 9768 3995 7603 -18011 31034 -24593 -14161 -10258 -5906 14443 -30227 26484 -19093 13224 -3582 8627 11146 -16589 -18237 -18759 -28956 2403 -6300 5225 21595 -26615 -21006 -31641 698 28313 22312 -18457 -8339 -32094 -27043 -12911 -23455 -26847 -990 4327 3454 -12472 -17241 5646 28213 -17929 25403 -7993 22187 -25079 18125 -4860 -4907 27692 5117 20403 17893 29011 24028 -10748 -22892 -10654 24353 -31547 -826 3904 -17571 -16405 22056 -1267 2019 18166 25846 3187 22912 28299 -29897 3328 -7104 -29768 16296 -10720 -27918 21219 -18174 -10459 17014 12503 -13851 26814 4651 24290 21683 -26584 -3586 26248 2397 -23168 28148 10382 27669 20877 -19104 -2943 26811 28892 -1990 14890 29074 13774 -20173 29218 16833 -19911 -6463 -25149 -12245 31920 -19271 -6421 -4157
47
-18238 -17723 -18706 11156 12351 7118 -2097 -10591 -4510 14651 -27844 7741 14578 21705 -19785 8624 -28356 6227 10102 -19468 -8979 12489 -13490 28410 -27089 -11950 -20122 7672 -18277 13976 -9085 -1751 19751 435 15072 -6716 -1511 11838 -18939 -1056 -12902 -24588 22586 -29777 -21979 12549 -13245
328
-10426 10677 4047 23231 -8684 -16769 27956 15945 16016 -16497 5190 28049 7886 -18675 17377 -28487 22482 15000 -289 -25215 -31310 -27799 9707 -304 10485 30792 32612 -12983 16129 5033 -31864 11857 -1710 -31708 27732 11684 32701 28583 -19692 -12087 -13810 -14835 10615 18677 -10134 19533 -2286 -2734 15349 -26984 -27792 -28822 18913 -24473 -24160 -26053 11822 -21337 4006 22197 29236 6599 -1898 21447 -592 8996 24828 -17342 -29795 -30037 -6767 9793 24146 13924 -29465 26206 15492 18175 -23061 15618 26727 -27896 27841 -9090 -7915 -3523 -1344 -22037 -5893 30971 -22777 26200 -10285 17118 -10006 24008 225 -11980 -30470 -28747 -27936 -10700 26364 16040 -11504 21766 2670 10506 -23256 8266 22678 12674 25191 -29832 -10996 28290 1707 -28246 -19402 3426 30906 -10350 -5279 -25822 32301 -5676 -7357 -6038 -10144 28180 -30643 -18061 5939 -9290 -979 -21419 22284 29977 18613 13371 -16339 -32621 26034 21358 -28469 28504 -4202 1238 -20065 -14481 9023 1771 10382 -24816 -15319 5513 20851 23283 -27038 -3184 23501 -28733 27714 6595 -24541 -15377 -565 138 -20967 13787 -18222 27441 -26804 -19368 8872 -19974 -5137 3241 18018 22974 -846 -25524 -15581 -32240 -15296 -25027 2018 31641 16191 6259 -20217 -1943 -17064 1157 -7666 32046 -29789 -2145 13152 8326 21184 30350 24346 28970 -4795 11323 -28856 -3210 -5692 -15290 13852 -8315 -29361 -9984 2534 -28082 -1936 -10790 29182 -23116 -9425 5610 -19982 5193 -16754 14895 -5638 17420 16883 24696 10390 -20189 20183 22129 10679 10600 -15145 2151 -28963 14907 -31476 11211 2264 -19531 -10698 -31155 15257 -4464 -8510 -31065 -13165 -13540 8042 -23194 -10270 32200 -32106 -24696 7611 415 30175 -23448 13079 -26321 -31597 13509 -71 -14122 7997 1899 -1320 -16984 -1915 19485 10199 4208 -30169 4879 -17207 25706 24075 -20124 17774 -20128 -3145 11714 24168 -20307 23504 1697 15955 2343 32097 20736 25633 -930 -19904 12488 -31754 -32176 15415 -4231 -19975 -20514 -16657 -19438 15447 -24618 -25631 27219 20990 8672 21302 -26928 24898 10945 -2222 -5794 12844 21547 -485 -31723 16653 -28130 1466 -22512 -3318 142
76
-32702 -15023 -26312 -13475 26850 5488 -26101 24798 -18848 -30245 14462 18258 8871 -8172 -24441 16088 13976 -18298 31283 19997 -5769 917 15020 -17442 32389 3480 10777 -8381 522 20979 15713 19735 2186 -20648 14752 9260 -6636 -19919 -26792 19278 -31496 -21011 -7547 23202 6702 -31539 -2257 -21920 -19359 -7298 23960 -29591 22033 12136 17775 -14376 -20272 5086 9515 -23495 -18456 -8437 -12626 -1085 18908 -1360 -21154 -19752 -8706 30630 23179 8313 -32517 14145 1969 24308
165
-19473 21970 27053 -6508 4429 -27689 11771 16259 23572 -10966 -18170 -22199 3850 -12936 -19406 10313 32371 17073 2173 -31102 31417 6153 -20595 29213 -27370 23305 -24833 4852 30519 -7793 21465 15444 17271 28099 8596 17552 -14753 27590 13357 -7809 25686 259 2435 -4101 -22869 -6731 -26074 30843 -13316 -30511 5722 10057 8174 -2183 -17295 -16983 29503 -24300 -21480 -15505 -22858 -10557 24120 -23656 3332 -17182 11320 -21074 9094 21364 -19714 -24390 26255 31467 -14231 2880 -16128 -4720 32091 -27587 -12126 31159 -3220 31314 -24147 -30134 -751 -31478 -12589 -7976 -4090 29372 30301 -24844 26539 11827 8186 -1827 17623 22514 3644 -23669 -31676 -7952 -27137 22988 -7288 -28074 3915 -25656 -9616 -12129 -1984 -7049 -18026 -10202 5416 14552 12755 22844 -19443 -31999 -121 31413 15793 12060 9074 32501 -13208 11026 -26291 -10929 -30977 8 -922 -15137 -13803 -7912 17253 7299 -22902 -6369 -12729 -12438 -5226 28134 -24348 9503 25518 27437 13179 23144 10961 6576 -20645 -22972 -24196 15535 1229 -23532 -16158 24620 -19724 -24526 -8983
245
-21691 -30538 -18104 20353 -17004 14852 17611 -8724 20135 -10146 -23855 -31741 19381 29102 692 -17312 6161 22405 -17569 32628 21228 -32471 -27440 -22148 -24745 7210 -25616 -24815 -16226 -27479 32482 18536 11105 30732 -31165 -14518 5032 -13896 -23978 -8245 24169 -27362 11049 -16467 -32143 25603 -22186 -3603 -21300 -423 5396 -25230 26152 -3617 30786 -31597 26224 -26260 -23425 19312 -452 29562 -8211 6890 2064 -28960 14767 -30787 24565 -2088 2815 30837 -19269 -13830 4640 18319 31626 -1411 -25893 -2357 30336 5950 32405 2334 19094 -31270 23017 15253 4977 -21505 24591 -3576 -20072 -23016 -9193 1852 32521 6344 28366 14439 -9107 -3554 -7432 32020 31098 -3916 -19029 -3059 -4583 1135 20070 22342 -13877 -28295 -2403 -15718 7285 -16678 -101 2364 27626 2737 18938 17096 4493 -27873 19109 -20381 25739 -25923 16731 25442 -6850 26040 9223 -16467 3400 -15606 -19463 -18366 -19685 20229 -29356 -23175 -1683 -7619 -32190 2469 14341 8545 -7158 -5794 13341 28900 -12675 -17438 -30580 15013 -5253 30285 -19670 -3281 -6549 -9077 16835 28137 28731 5233 27376 17731 -20342 30000 -30916 -4999 29240 13623 7131 31539 25575 14363 14726 6424 7389 22024 28745 -11483 28392 -11324 27740 4468 -16843 -15756 3114 -1458 -8124 -25311 21717 -17590 4580 -2990 -14000 -28275 -19682 20106 -8644 -16436 -11592 -18838 27212 7446 1052 21256 -32057 -26250 -13145 31148 -25774 9429 -6763 -21858 -7301 32655 21174 -10139 -14024 -1575 15376 -19424 -20537 18525 22851 -30794 -21706 16071 -31884 19979 5158 845 -17438 -14820 -9766 -22957 26271 9389 8029
328
1527 -8490 -28054 24192 -12618 -24056 -2282 26439 21493 269 21033 3592 19026 -19080 -4961 15907 -13245 -30121 -2782 -6491 -14615 13143 14771 -14935 25412 13467 16952 -1828 -429 -17699 22151 -5041 -8383 -30144 -14077 5202 -4202 22249 -16575 -24638 31395 17205 -3123 1041 -2530 14820 7043 25674 -8100 18775 6430 -28622 -6890 2452 -9782 25188 11960 9923 -14659 5943 18584 31668 -3198 -27479 1813 -15447 -7271 -12344 -16448 -12353 13888 11825 6190 32046 -5775 -14078 10103 377 -6048 -18494 -12729 -16038 28672 -15862 27667 -21465 259 -5389 -21419 2140 -13632 15822 5161 -26141 -28432 -32361 -32313 25645 -1810 -25970 3596 -8514 23210 19552 471 -11830 -27261 27151 -83 -26758 -2295 -30014 -20284 25812 6341 22290 6611 26982 23387 28050 18268 -30884 20335 -24105 24992 -27550 -8060 30759 2923 7300 8256 -10048 1807 8491 -24382 -30219 -19679 5519 16701 8324 12725 30283 12488 -13963 -7534 -2851 23724 20067 20840 24955 -1661 -18227 -16139 -22237 -24848 -7048 28221 13175 32514 17362 -29676 -21658 20784 -10466 -30856 -26429 13629 9843 -20101 -12920 5136 -7582 -6366 -29193 -4179 5987 397 -16594 17653 -30503 -20 -4953 -5033 15665 -12280 16966 -868 -22828 14144 9449 12003 -3240 15610 15282 17187 23961 28599 27318 3558 6358 -7178 -17457 -7221 -25756 21260 -25343 -26841 25352 -8411 21793 6881 25760 -21271 -5694 -21535 -10955 20323 -6688 4010 14932 -31210 26419 -4189 15851 11223 16649 -24407 -30884 14812 25304 -23162 18551 2732 18938 21228 -14526 -15745 -4205 15257 -9401 24727 -22353 26542 27149 -14255 -16748 22815 11073 4749 32169 7970 8768 -13178 -24981 17586 731 -17859 -5089 -20238 -27972 -25656 18147 19511 -28819 12205 788 29045 7492 -30076 403 18899 -10167 -26114 5793 29854 -6831 23326 11299 29674 -6612 11957 19491 -2829 13361 -8496 -15183 11554 -18102 20476 -9081 31623 -28343 -15369 -19989 21599 3179 -24652 28350 -28945 21871 22590 -32177 5319 -30528 -5722 -8785 -19184 18884 10915 11681 -13759 -4546 -6427 9421 27818 -21350 16461 -23458 -27371 13502 -20420 -7953 -3586 28735 -20113 28592 -9265 -22336
125
-17644 -29482 5105 -23201 25306 -31593 -4591 -3223 2700 2322 6762 -1268 -5152 -29235 -22762 6272 -12200 17519 3370 29145 -12714 30079 16282 -27119 -12193 25516 -17888 12425 -27769 9814 -5970 17598 5398 11888 29053 15741 19662 14081 19618 -25094 -2538 1445 8243 4718 16937 31499 -30554 -31 -26429 -29556 -21875 -13910 13132 -30522 27277 -29348 -17777 -15175 -6125 19821 -3640 -29081 -17547 12907 3110 27077 403 -10540 22574 -369 -32485 28048 -573 -25816 -20373 22604 15791 -8010 32364 -5994 24023 31657 29285 14023 -8828 13549 9009 30867 21590 30369 -7604 -32212 12693 11620 22662 -16100 10842 -10089 -22642 -21486 -27964 -1271 9466 -3445 -17349 30954 -3281 -23757 16114 -22832 14943 -3232 13239 -32589 6209 18795 1912 30935 -1479 31230 -19601 -2043 -23412 26623 -11983
285
-18720 14702 10606 -25924 -13037 1699 -1890 19606 17975 -2792 25547 -27684 2829 -32705 -15689 30870 -9282 -12180 19072 16051 -11755 -18477 -24729 -15851 11237 15676 -27073 21197 2125 15062 27560 -29073 8709 -10224 -7682 28815 27446 -14568 -4361 -25286 -6089 4604 25594 -598 -23533 -31184 2964 -11014 -14996 7148 -10396 25791 -25589 -23355 -28251 32271 9228 13454 6430 -13991 24853 -12567 -29877 -31197 -10773 26862 -29429 -10539 21841 5520 -21047 30382 -11989 -13403 -21462 -20392 14063 14611 -692 22270 28849 -20576 2486 -28603 -16498 -12878 -6723 22411 23117 1227 -25290 -20801 16544 -20012 -5433 -24401 21135 -30633 32134 3671 -27263 24540 -10282 -20366 -3227 -32071 -6305 25434 -9555 4299 -4075 21439 -22488 -26673 -25358 -32487 -23713 12452 -24978 -12704 -28649 22837 19459 -20955 20526 1366 -23155 -6446 -19635 3936 -21238 -24403 -25599 6925 -12324 -29863 29276 14334 22426 3244 -28761 5175 24696 14471 -16713 -16030 -27109 -29059 -4546 31103 -391 13196 17950 7435 -6667 10165 30973 2516 4515 -24243 -2497 11091 -18563 7007 -15121 2658 -18275 11576 24919 28611 -30209 23263 -8514 -5783 -24988 23705 -15940 -28391 -4985 26320 -30997 -28703 -30562 17554 -32302 -31629 -21026 528 -25679 20199 18442 -10016 -15098 -1730 29551 -444 10485 12572 2858 -129 -6860 -28627 -6422 -7473 -333 -11051 16534 22322 8202 -21580 5388 15885 -27610 14274 -99 -3055 31065 -24572 -14726 -20523 31587 -1997 -19175 -10678 20893 -7406 10489 4521 9964 -21113 22710 -13763 -8188 17264 9754 -25316 -6586 9524 -27302 -32659 -30682 2574 -25566 -5754 -850 -13226 -6602 28901 22749 30102 21881 16710 -26489 -10184 10106 -23987 32490 -10518 32353 2662 -28213 29115 -19785 21564 -12837 13784 16972 31544 -13257 -6129 3340 27901 5876 27500 -13613 20311 6332 1814 216 -6834 32252 -10141 27450 -17569 4562
165
12817 763 32606 31443 -22593 -14442 -15833 -6502 27559 11007 -31543 2751 -27395 -17541 3220 20944 -7658 -7738 4638 13635 -19782 32080 22425 -9204 -19412 -8045 1244 26994 20132 22316 7761 12930 -5532 30873 21880 24987 -25589 5560 10597 13163 -18621 2815 22334 13137 14164 -23511 6846 32737 28655 24351 -16052 24420 14360 15273 -32133 9301 -25387 13500 12709 -25061 -10970 18064 22050 -28791 -22443 4821 -22298 16933 14709 -7468 12864 1849 -28646 -22444 26459 -8885 768 32606 14535 28364 19351 -18625 -15346 -20838 11221 23624 -14815 -8352 6070 8919 -24487 -22345 -28044 25162 16115 6502 7804 10733 -7811 2224 9983 3845 -6826 26897 22371 -14662 -5584 -5418 -27719 -16218 30959 -17103 30498 21345 17430 -6025 -5821 16235 28393 3348 -32692 -12800 -6431 -9695 -21753 23192 2819 29071 -20561 22052 1523 24956 -15061 27523 -25828 27953 -13682 -6157 3292 1776 20842 27660 -11638 -24620 30929 -14141 -20834 32270 -10000 -1364 16099 -7665 29029 27254 -10319 -27110 -24417 8125 -11410 32048 -4969 -28599 10155 -14537 -17206
111
-19947 9129 14080 8764 -17076 30118 -24847 -20547 10832 30837 25896 8324 15653 28841 -15729 30565 -25532 29719 -24439 -12238 20803 -22620 -7849 4524 -11787 -12629 7898 22638 21002 24485 22211 -18827 3930 12082 -8831 23290 -3256 -1448 26126 27064 12293 8437 -16338 -70 6345 -26059 19221 11560 10923 15905 29313 -26984 10234 -1970 21157 -3856 23592 -4733 11383 24499 22090 12100 26573 -6885 13209 -19981 9699 9407 31219 -11427 25560 15452 -603 -5398 11569 -16990 29557 11319 24149 -3946 -19467 -20509 -30479 23207 32138 1699 -32014 -12355 -5765 -31720 28264 30703 -32050 4301 -17427 2910 -14824 31098 -1131 -23754 20903 27609 -26032 11630 -12432 24090 132 21517 9321 -21805 4721
46
-15788 -31008 8835 5675 20050 -19254 -1390 -979 14754 14022 -17267 2410 -16552 -16977 15370 20267 617 -25065 18655 26914 2137 -26549 -12882 28592 8930 -17520 -29688 -26634 5603 6122 -20760 31930 -5423 -4486 -14638 1565 -4362 8378 31851 25315 -21168 30098 20531 8339 -26830 -20781
142
-2900 -24234 -10680 -6923 8168 19634 7544 -30708 -25219 -16349 7580 21448 -26119 -23340 -9770 21433 -2622 5540 18250 -29247 20050 -8396 -16331 28051 -13139 24370 -10143 -17973 -11957 -27366 10843 -19814 -11471 11261 20920 -17327 9053 32528 24597 1881 13310 27578 15090 21234 -24247 27422 25974 -3022 17519 15966 2794 -8324 31089 -21797 -6460 30573 26605 -17438 -27518 -27944 -17015 19323 1124 -25369 -1670 28015 22729 -24037 3830 5300 10794 13303 -13959 -19206 28969 19455 2651 -32677 -22539 -27502 -3196 24023 -17723 -5371 -1620 13156 -30149 30497 -27443 -26392 10204 27294 -19149 32581 -21845 245 -21433 -14399 32297 8941 26099 -10974 759 -16145 13659 -767 -3968 2094 31796 -17923 -5417 17368 -15781 10574 -21884 -10468 6204 -30921 -31911 -19951 -10342 -3425 -19451 -10198 31480 21382 21614 -6204 -4009 -25005 -16666 3080 -27541 -7886 12733 10724 -15292 30951 -9527 4287 1920 11127
37
-16583 15137 21341 28621 22278 -16434 22229 21930 -14730 -21632 2670 -3063 -18815 -26509 -1741 1408 -19748 5778 8171 27401 -4172 20731 11670 10184 -21727 -19688 -9197 17895 -4951 -19373 31719 6915 -2883 -11859 27596 17583 -9159
318
6167 28166 -26226 17882 -15760 -14557 -18554 -18061 -24521 21098 31258 14345 189 -25956 23725 28532 -20421 -21762 28208 -25530 19490 29569 13253 27656 30583 -18593 13362 -3666 6219 26664 608 24014 -3212 22622 22492 -26999 -11271 -2192 -16217 -14988 15089 -22414 -20268 -25358 27745 -10797 29647 7237 29907 -4549 -19039 -30012 -11431 -691 2845 4416 -17056 6872 -1008 -30309 -32358 -30744 -8930 27649 4868 -7901 4255 -26927 362 -28818 -23289 4941 2796 12840 12135 -19582 -13250 -8852 9601 -21033 21894 8526 6533 -27512 -16825 -25812 -5845 -10202 29758 16677 -21111 11650 -21980 32327 13716 6118 -3777 16065 -30713 26176 -26874 -30241 19097 -31248 -17148 -28536 -4617 9624 4638 -25561 -12547 -19039 29981 -8414 25316 -1967 22167 16163 -9774 -30999 8080 26824 14086 -1257 31215 -12275 -6582 15037 -8962 30028 13612 -16876 -19958 24191 -32122 -22550 -5728 23742 -11860 24477 695 -17213 -5525 -32295 5848 -28084 -28091 -19232 30337 -30432 -18534 3637 -6102 32514 -2269 -3547 -1503 606 28297 28102 13063 16317 12151 7538 -23454 12012 -8922 22174 30808 -1851 31623 -11211 -16589 22015 4728 9921 15863 9488 16714 -30475 -27831 12619 19647 -12406 -28752 12561 -24380 6550 21738 -10951 4940 2625 -25104 23380 -3611 -23058 32051 11430 -10747 24296 -7205 15406 -12515 31588 18334 29023 -9963 15726 -11707 9266 9425 -3248 17530 21413 -17016 -26905 31807 -27703 4452 14684 594 -7790 -10047 10607 -4958 17746 14422 -6413 -24052 23791 -16924 6708 -29958 -2263 17831 32679 21100 10909 -4654 -31597 26979 -2139 -8081 -19792 18697 813 -30929 351 -20194 -23988 13971 15980 26966 4756 2466 -9359 27184 -15094 -21866 -15266 26913 1286 -23166 29122 -13883 14966 -28946 -10708 -23670 -22266 21378 23038 -13359 11978 -30921 14890 1444 9507 -32523 -647 -15225 -29382 9740 14855 9526 31863 22966 -5345 18886 -14720 19606 -25361 18938 10795 8799 3795 -21252 24140 10855 11052 -8445 -2997 -10789 4705 4447 13503 -14265 5246 17803 24263 -9316 13777 21828 -22703 -30476 -32108 4402 4441
186
3320 -20944 12912 -25496 26706 -26216 12133 10976 29665 -19098 -17619 15024 6850 -26495 29075 -15787 14762 17508 -25682 -11495 -3935 -31559 5138 -11373 -32060 32093 -10406 -14268 -6065 10127 13114 -7750 1728 9977 -14025 -20465 13953 11626 165 31127 -22431 -30183 20723 29063 -12249 -6440 -21291 29698 -14978 12825 -26269 -12223 6402 21082 14055 8807 21330 18111 -9344 17689 26756 -11217 -32048 -2280 -12088 -21067 -1173 9048 -1576 29598 19616 10980 -21661 13933 24085 -891 23288 -786 12559 6910 -21290 10264 -30074 -30148 -24892 -20158 11159 -2839 21448 -16250 -3196 -29108 -13437 30323 17041 23630 -10400 2054 -29204 -26124 8581 21827 4502 12038 23834 4205 -4732 -18636 -13917 4477 -22910 -29408 17889 31391 1835 -10039 21069 11444 4195 -30395 -4316 3022 -9948 -13772 -13790 5047 29086 -30906 21814 -15467 5511 24653 4826 -11929 -3527 -13886 9047 18470 -21605 22971 7242 -28842 -23225 31718 -5351 -15857 20975 -11351 -5750 -26747 -17290 13717 23760 -4092 31199 -18849 26343 20444 -14486 32364 -22332 -9145 17709 6747 -9319 -7136 16244 -12490 6546 25048 18962 -3719 9982 3287 -766 30290 636 17995 -19463 11620 -6133 -15955 25421 22501 -18916 28738
178
17334 -29499 -15199 366 15232 -19078 16800 -27993 -16757 19058 -26617 32706 -5312 -19602 32136 29116 -12306 -25115 26160 -22336 24608 -7782 14616 12712 -27170 -29042 -28458 -4662 -16981 4704 -8597 -19595 21115 31221 22604 -14640 -20566 -27931 26756 -2065 -9265 -5984 25402 8957 24407 13686 5035 -8231 17049 -20401 3546 17576 21708 -1164 19725 5883 2377 -25380 25168 -383 30316 21948 -13041 -1273 7189 -7223 18178 31503 14890 22177 10203 26830 -14099 -8103 -20117 -24868 -5692 -14106 -8848 -30567 32407 15471 2030 -16845 -20759 -31042 -32277 -27633 20278 -15311 -20017 -22869 20848 -16760 18863 -22490 -3526 -12610 6339 25162 -28220 9815 6372 -29390 30555 -19077 -19275 25976 -16048 190 21367 27323 29003 -8086 -1452 2541 27201 15304 -1391 13260 22826 690 29707 25847 30883 -9428 12048 -22640 21709 -20565 7887 18976 -8653 15229 5343 -18771 8778 16188 -15002 -6968 7666 -418 4001 11619 -26613 -12389 -30804 6219 30088 19295 -23643 -12747 1124 -32525 21792 -12197 20805 -3856 -27730 23034 24171 -20656 27236 19924 -18972 -13652 13580 20380 -13599 25867 -15812 11684 14658 -26887 -77 12959 -28630 -26140
238
25860 -18060 -12328 5053 4139 26728 -11304 -26396 4813 10391 -23646 3559 11773 32207 552 4460 -23171 29720 16088 31375 11612 -13649 -24628 583 3127 25000 31990 -4638 12793 -14373 24908 -5300 827 3872 -19289 -5693 -12999 -7366 -30642 13567 13854 -3992 -32226 -25045 -2548 30444 31975 -28847 -18098 31594 -6067 -30991 1268 -26512 -16812 -1677 4617 -47 -23340 6484 29814 -11500 -7682 30370 16498 28864 23023 -18764 15467 -12919 297 4665 -21888 21813 -1244 26850 -25605 -8428 420 -3032 -16387 31464 15380 16702 9653 -28227 -27954 -1866 -27147 1137 24312 -5320 32555 28086 22741 10648 -18667 31146 23594 12075 -16729 -24508 -12494 10506 -27955 -22444 -16778 30031 -8303 528 18589 -23849 -4788 8400 19514 30044 17375 -8106 -27397 -20159 12415 -27822 -30873 -30396 -22105 8387 27141 18388 2277 -30752 -4682 2585 5584 6868 11999 25522 -14712 13631 -17454 6490 25458 24727 -18964 7905 19207 23396 10341 30634 -21426 -4611 -869 -26411 -16804 30503 -22608 -29040 15937 -11347 27091 -11160 11425 -31330 31888 23638 19984 6655 25502 -27761 13965 19501 23815 10053 -4431 17089 15944 19264 -13627 -22755 28885 27238 2415 7056 16019 6862 -14779 8731 28251 -30498 15138 -13991 12413 28451 8286 20142 23355 26658 15961 -21374 -30538 11656 8373 15031 -7253 12623 -20036 -28366 -7546 -7303 23952 1933 -1482 12242 -22869 -21136 25805 -29672 -29955 11210 -27388 -14868 -4413 -9726 22085 27829 -4188 -838 -11915 12222 31468 32143 -21028 20790 -29741 24347 21081 -2489 32403 27390
391
-26545 9345 7270 -27986 21202 -9095 -16255 -7720 24813 -14278 3903 -31686 -13365 15868 -16218 -20604 10879 19372 8807 7326 10180 19869 -15458 -15622 -28835 -13914 -25899 8592 5340 15536 31493 -5021 -27094 -10802 9496 3217 5403 -14776 9711 -7254 -9942 1500 -15866 24534 -17500 -1916 7693 1924 25248 9275 27103 28116 4285 19712 19084 15807 -21104 -11381 4372 -10560 2715 25993 26842 12249 -30148 -25070 -6693 29967 13460 -12444 23714 -9961 26200 29772 14817 -29813 -21379 25086 32724 -5187 10282 20340 17235 23273 16006 -20917 29338 -24957 31094 -27531 30665 15390 12027 19460 -27491 16491 -8890 -7413 -22223 -23562 4221 24946 -1754 31523 18098 -25687 -28212 -32482 -20714 -14019 -6127 -17401 -12892 -16024 -10755 -14619 -12384 21756 30668 1410 11508 29915 -9354 -16234 4410 31074 -21984 12948 -18424 27781 -30293 -14020 18455 25978 -2007 5699 -12068 30524 -1587 1118 27602 -12042 22942 9188 -30838 8933 -22831 -7596 9609 4117 -23906 18189 29738 2469 25239 22629 154 14050 15249 -13202 -31934 8672 21496 -14972 -15008 5621 727 13705 -18158 3644 27934 -18983 -4986 13331 30753 326 -12728 28061 -19480 24027 7491 -31809 -26269 -863 -5721 11049 15665 27725 -3162 -3524 28599 -12455 6221 -20037 2807 23666 -1882 3106 -23324 -22070 30033 -19093 20022 21887 30498 -28446 -26297 26974 21859 -20479 -15869 -3817 22222 -21183 5820 -22454 -6847 6824 -32663 8292 -954 -18249 1425 22291 -12771 17140 -30354 20967 -3461 8513 -13285 -13704 -24972 3465 5306 -27557 -1546 -18796 -22693 -10605 6838 -15179 -10782 1556 -20840 -3279 -12543 -8532 18590 22881 -13577 23017 -30203 27823 -20575 -5140 8386 4397 12809 4121 27743 28306 -28786 20673 -29407 -30807 -27626 4569 -28531 27707 -16678 -20145 -30961 24770 -19387 -22686 19539 25521 -14502 32120 -10038 10388 -10439 15901 -12891 -18232 -25441 5356 31786 -2609 6300 19530 810 19797 -13316 -25889 20618 27711 -16135 -3420 -8860 16590 21370 9836 -10068 -12707 -7701 23494 -18126 20646 28914 18787 -32197 2433 -26130 -12862 -18460 -24611 4568 -18138 -7001 -16191 -17804 31673 -28965 22219 -25049 -28646 -25038 2690 14672 25453 -20165 28770 739 -15837 -7456 -24366 -23658 -9420 -25 -3309 23842 8787 21389 15721 14377 -23438 -1662 177 -28419 22302 -5521 -407 -5144 -21415 5521 -25651 7475 11858 19946 13407 -17925 22860 -25390 25656 -672 -25156 4500 23203 508 2289 30580 4550 16502 25994 28621 -17803 -10828 -8012 -31935 -12833 -20002 -13048 -16913 25210 -8064 18771 -4012 -3789 18769
9
-19774 -867 -20456 -31228 30709 -13720 30125 29007 -10900
128
-21827 18955 7540 27680 6257 -7726 12359 22981 -25383 -1979 8889 -31265 15794 17013 1961 14361 13095 17156 -4605 -16056 -12250 2420 31516 -5034 28647 947 31092 -16834 32172 -23 18166 4981 16461 12245 -14229 23900 -6703 -14731 24523 -22710 -6013 -23479 19220 3555 -11431 -7997 17008 20202 -1245 6629 8933 -16884 -24729 16603 17403 -31695 -1042 -19245 -28222 10860 13770 9297 25024 -20321 -19713 28316 27796 -2664 -20543 5580 4436 -29662 9166 29055 -15772 1861 -18493 30649 -4237 -7619 10463 -32610 -12619 30880 -31306 4806 -13696 23500 10456 21011 6102 -14423 22313 -26079 -16000 -26358 27807 415 4530 -29317 -13281 -30257 8740 29311 2393 21587 24468 -30088 -6582 -7977 24385 31716 -12394 3771 12912 -509 -5677 25205 19691 6881 -32632 -17318 -31613 -6849 -2827 14337 -27255 20851
368
-377 -16020 -8162 29745 32432 -10494 -16094 18538 -32505 31251 23847 21479 23145 -30600 -797 7925 -199 23656 30992 -4474 -24079 -24973 -5064 -9067 -3826 -5675 20734 -23893 25940 2118 -17376 10453 15565 -15670 -20880 -28959 -7977 -31274 15781 -4987 14568 -23714 1705 -8130 -7614 -17139 -4762 26854 -23828 -1224 -11114 25960 -26245 -31643 19326 -24544 15970 23360 -14898 30584 558 -23130 30803 28785 -15651 -10980 -31908 -21660 3243 -17065 16474 -25570 5352 29644 7072 21694 17709 21826 29204 25789 -27778 -31571 -12104 -14597 -7716 -28 4930 -3787 -26114 -23568 20220 15323 -19778 3698 -28900 32532 11962 -5596 8541 8425 -23415 -14524 -12093 -25569 3897 -7634 27725 -17688 13557 -13491 22988 3260 31570 28233 -9452 -11921 -14636 -17745 29523 -31342 8724 5851 -32667 -7357 19150 -19149 -1491 28414 32210 -19553 -32764 6213 24524 -21154 12940 -32184 25628 30963 2287 -786 4438 -10120 -16897 6946 5570 19435 -27797 -10317 11230 24952 13297 -11528 -20183 18913 -31824 -19550 -16148 -30124 20318 6768 -22187 23728 6335 15600 11754 18075 12937 23461 -4047 25455 -16838 -24811 16016 13312 25331 2608 -2069 -17016 -9859 -18551 10872 10963 -23901 28889 -2188 -29539 -13657 -15615 11859 -13645 9671 -7081 9606 -5386 -11240 20778 6673 2792 -22387 26602 -20116 31622 10002 -28899 -24804 8283 -13538 -5156 24200 16432 -13047 -29009 -10556 -14241 14293 -20513 11121 -20896 -23288 8415 23755 -28658 -8525 19689 5794 944 -14775 22324 14466 21959 -2443 -19654 7339 8057 -2323 1338 -23697 29402 28687 13120 25949 -29523 12848 17691 -23658 -24098 -19355 5409 21448 25304 -23916 27198 -20157 -19418 -6704 -18545 5695 -30433 -618 -4429 23932 -7546 -28943 29817 -13906 28039 30730 -12337 21975 -29116 3257 8643 10450 18978 -1134 -9747 14400 13463 24814 -18968 -24017 25932 -27894 -19292 -18536 12102 10417 26752 -20638 -31966 -1603 437 -7487 6209 30273 2372 -6091 -17392 17462 17415 -12535 9025 17184 -23022 29994 29404 18929 13947 28928 4415 -15 -14662 -26058 -22331 31188 13946 19980 16500 -9487 18261 12798 25573 -1409 -27308 19467 15450 -16736 30054 32085 16628 32215 -21244 -4655 19881 2948 -5631 22178 23489 25338 -22674 31465 2650 -28989 -27883 18421 30437 -13384 24022 9193 -26022 -10122 16179 26271 14904 100 -20083 -32289 16391 -15020 25375 25392 -17108 29998 -12113 24001 30516 -7718 -20536
147
1797 11552 21256 -14115 20343 -18710 -6210 -18040 22012 -3744 26068 1104 -15816 13197 -24853 2478 30962 -21428 -25981 30425 -23286 5996 -24363 8667 15155 27154 -13663 -21763 -10094 16518 17664 -7524 -9806 28590 -27415 -10580 2526 -4850 -8018 -14061 -21006 -703 7810 -4751 -7985 -23301 9502 9564 -13440 4537 -14781 -5051 -2710 -7507 1951 -27606 29171 11088 18725 25628 17786 26289 16981 10687 -11506 -20091 19287 -16182 28552 7221 27387 27325 -22091 -14957 304 -13521 7855 19251 -398 -30388 32011 -16028 15822 -30959 12059 -31041 16460 8650 -7807 -2749 13964 13270 4922 -29746 27570 -7268 -30259 -32453 -21256 -21003 9143 8734 -8828 17191 -19957 31465 -32031 -21588 28545 -20823 -11687 -28407 19922 -12190 28910 -8117 -3012 -2164 -20593 17657 -19479 28056 -3282 19827 -25582 22090 6231 -1684 -7504 -30158 8552 -31507 2474 -8685 -11541 24939 25676 18803 -16782 6746 -1255 -31410 -8360 -16227 -25110 31230 -4703
153
28312 -22215 3729 -26201 -25084 30667 -24637 17484 -18326 -5311 -1445 -3681 2350 -12972 24859 5756 -19649 -5233 -8549 -32404 10495 -4925 -24125 -14644 -10699 -18198 1234 -23034 -9407 32597 -5189 -13851 -23973 2855 10797 -21725 -31486 -21006 24339 -12315 19071 15454 -29430 -17605 21903 -27584 -18888 -29534 -17867 -17331 -14320 -12412 6530 16902 7878 -1355 -10297 10078 -22810 24586 30504 28598 -30637 13452 23995 6875 -19894 -27833 -31250 17644 19806 10507 -30082 -3808 -13381 20753 -6418 22271 -2043 -29679 -12798 -16744 25223 -30939 -17975 -4234 -3812 8098 6369 -19882 30079 20769 -32467 16739 22714 -16333 -795 15393 24940 -22572 23416 -11942 31583 345 -11486 4742 -464 11652 -8181 -8874 15347 14959 -17818 -25552 10604 -8690 19293 32009 7895 31352 -1 24634 12865 -18304 -10240 17051 30637 -6685 8708 -25915 -3472 -374 -23406 11643 -31061 19271 -5331 -3470 21465 -5214 30330 -15616 17904 10527 29920 -16683 -21727 -13824 -1332 17859 -32479 18445 8667
311
-10597 21770 -14268 21870 4643 -22022 -28505 -2228 -32367 29740 -21466 -27049 11463 -735 -31918 15408 -31018 32546 6152 -12561 -13213 -6689 18781 14455 -1706 -21417 6122 -25714 28124 9387 -27948 -23414 -15429 14781 9062 -23259 13048 15768 -9247 18779 10127 13211 -5793 22935 -15013 -25159 -7802 15506 -7773 19905 -10751 -25652 27866 -16979 20676 21960 -3781 28396 -16934 -3198 -12746 -3995 -17346 -27626 -20251 10264 16378 -17028 16876 20027 -25719 -23590 28149 -1154 20642 9361 30195 9359 21545 -23016 -551 22952 -15744 -20275 -5845 11062 14430 -16093 -31430 5959 15420 11575 -11719 -15628 2777 -23283 28456 5979 -16057 18345 -21565 18221 27041 -17493 -28385 28193 -17181 5591 1006 -6392 -26362 -10098 -20934 14871 9164 -19790 26318 13321 22889 -5879 -2029 -29690 -26476 12763 -10001 7229 11187 23503 -27050 16070 4322 25995 -16174 -10160 11486 17705 -1939 -14265 -28498 -14506 -18904 -20161 -24621 -30833 31356 -17999 28194 31174 20997 -31756 19751 -16724 -13179 -27718 -25847 17836 -8938 -23662 20368 25024 19427 5530 26549 22376 -6140 -12036 -26477 25057 21836 -26761 -5762 -22601 -27888 5418 2307 -24612 10632 5519 28098 -12250 -3514 -25215 -27863 24886 15022 -10090 -5659 21481 -26257 -27871 24494 -8197 -25363 -21270 -13426 -6275 13288 23655 4750 23997 -13643 -18385 14828 32756 -21110 -31604 -27322 -12747 19499 32535 -13293 2762 -3886 -1699 -20921 23005 -6856 3238 -7194 2002 -30534 31953 -1359 2526 -15480 -28282 10330 -25625 10291 28443 26497 -15357 -17616 23761 6864 -31467 -8106 -20702 20116 -167 4004 6695 -4577 -26071 -2976 18359 -21774 20103 4361 17210 -22580 -19624 -6730 31619 10674 21132 -9556 -7942 -13484 -13675 -18972 26207 -24455 -16354 24859 -28361 14958 21615 14797 9384 -15825 -8182 24882 -15872 6368 -23615 30800 -17659 -4116 -8822 -6831 12903 27559 19881 -21724 6197 30231 -27982 -10982 23547 2728 18362 12004 -371 -13279 27819 -10093 -1274 -23047 -22463 -17950 17938 -431 -8954 28184 480 -6698 18756 2687 23983 -23565
100
28674 -30893 2218 8368 11463 -10948 26105 31018 -4407 32293 -19822 -16313 15722 18610 8442 10984 -2383 30402 11430 -19449 7463 26526 -26380 -21343 -23045 6662 -475 9538 4692 -10410 -19032 15871 -4689 5809 23000 26277 -30861 -27702 -5702 14714 -24173 8902 675 30324 20649 25059 -24449 10176 6096 2948 -7047 5694 20674 -6291 5105 3587 21813 17774 9485 29398 29745 3686 2750 -9395 31380 -31811 -4348 13388 -2959 -16573 5203 26498 18726 -8964 21088 3568 -19636 15418 2647 -9569 28516 1012 -28032 -20053 -25274 -11453 -24500 -4224 6408 20627 -2021 28491 32249 -28007 -12436 -20049 32522 -12705 -30809 -9699
363
21425 -10240 -12483 19999 10573 -23776 -23615 -31696 18352 -1254 -22901 14777 -28146 22767 12592 10233 -5680 -17662 -22655 21780 -15371 25270 -32565 115 -13095 -995 28264 -27871 3501 19697 -30451 -17162 4810 -24435 28660 -1030 17710 5278 17742 3020 -31118 18380 5672 9143 32035 -12537 -25452 -9478 19496 20297 -20041 11101 -22623 25472 26289 22341 24461 -31369 2524 -8359 20985 -2032 20676 -14677 18674 4199 3751 -32642 -3398 -25668 24456 68 -11723 -27137 18093 -2585 9690 30908 23842 20319 -5071 -17077 -4149 -6363 32650 -20435 28664 -2099 -12529 2078 3523 -27252 5740 -20038 27311 6797 15207 10779 -30236 -29649 -20180 787 7211 21625 14758 27335 -25669 -12320 -17751 -30582 -8082 12869 -21091 11905 10115 28877 7883 -32493 11337 -11902 7315 19428 4955 11653 -22596 1845 -26100 4592 28523 23503 20371 21557 -5912 -26697 -11385 17322 -12896 -2398 -10287 -6411 -30939 -13417 27645 -6391 -11558 -25069 23923 -18034 -25442 2064 27876 9573 22452 9499 29670 3354 -21699 -23035 -9172 2752 -10813 -5315 1101 -21485 13138 -19240 -434 18711 -27959 -17668 -2987 -2074 -7589 30420 17314 -3765 -2391 27706 -15174 27917 -14992 -17019 17162 -2088 22418 13057 18596 -27763 2344 -11738 -17806 -12349 -28957 -1080 -15752 26169 12483 8944 -19732 8192 32621 -23803 18425 -141 20725 -17911 -26561 -24255 -3127 -7334 2619 30683 -20883 -17774 -32762 -12807 -20847 21720 27347 -28368 -12979 10770 11363 -28069 2380 6509 -25734 -15962 -23722 -9951 32737 17318 15937 -20610 22106 17829 28683 -26899 22939 -5206 6916 -627 21394 14878 5549 26666 13555 15939 14987 10719 29621 -30578 20133 -13793 31121 28218 -30729 -930 -8839 -20367 17479 20023 19288 28488 16116 -24281 -28685 -23200 6184 26470 23150 -31417 -23296 27873 -24716 -18197 13342 16878 -13112 2075 18468 4439 -15497 10648 -6717 30857 -3674 -7483 -660 -12823 -24777 19736 13530 -20535 -8378 -7718 22212 -1856 3666 705 9867 2098 -27516 -7464 12651 -27438 14951 -29184 6692 10746 3078 10959 28540 10878 -24207 26754 4795 -22857 3069 -9704 11821 21517 18574 -10805 -15268 9247 -12613 -2944 6899 -2296 27241 -16709 14452 21175 -19972 -18147 -17283 19612 -10853 19999 -29953 -14222 4255 -416 26066 -21654 -13064 22385 -30047 32610 21434 29570 -16405 22723 -17173 -6694 -9699 -303 -28219 12951 24768 -25408 -32147
0

94
-11043 -3635 839 -811 -30346 -8298 14789 11955 -12788 -16874 -21058 -10188 -8294 -11998 -21298 -22947 16233 -21010 -1746 12615 -15754 28537 -31134 4140 -217 24232 2267 -20137 15723 21848 -271 -20090 7129 -16872 -19587 7487 -28607 13784 12744 9979 32317 24655 8751 30869 -21625 -6294 -6223 -4698 11802 30875 -1667 19065 27598 -1904 -21866 16262 6598 29641 29286 -23288 1589 24193 -28189 -25515 26581 13589 -11002 8287 -5218 -7207 7085 -2615 18204 -27132 4519 -3899 30537 12543 -7071 25814 16049 23100 -29712 -27224 20513 -20454 32696 7029 32232 -14290 23578 4804 -20573 -15865
265
10792 27674 13752 -26614 7105 1274 1577 -17110 -11696 14571 -17014 -25336 -15806 -8438 -241 -28224 -26086 5111 -9312 -23205 -12504 -32544 30845 28338 -7802 3702 7799 4613 30818 9554 18799 -28115 -30301 -9954 19196 -23906 13036 -3749 28583 11917 28609 -22770 -11119 12868 -10823 -15218 5702 7434 -23 11681 -14482 14197 -25476 16721 -10158 -24241 -8208 -19239 -29287 21757 -12020 23324 23935 -25132 23452 -1277 -28717 17446 -14376 30956 20634 -28517 -25068 27613 -28773 8056 -5617 -20505 2337 -14211 -5490 23998 -26834 29373 23136 -27453 3700 -25840 7135 5595 -5748 19196 8903 14897 -30516 11093 -28195 -15532 3467 18049 -10165 -8717 31043 22427 -26736 -30698 18841 9427 19709 -3371 31169 -24555 -23095 31374 -15711 22203 -12718 31524 -7439 29614 -5672 -5330 25310 3651 16411 4305 22222 2957 564 17454 -19287 -20147 -15828 10314 31200 31089 -10125 17243 12106 31893 -23465 -24809 18534 -30851 17060 6738 -32377 -28081 17837 12103 -959 15659 21289 -11852 28645 -30993 13104 -27964 -31886 1300 11278 20931 4559 -1789 30403 27106 -8883 10022 -900 21615 -22968 -8446 3640 31122 5456 -9097 763 -4937 -13409 -478 12958 1508 -12997 13224 -22308 -2186 5578 -9638 26695 7603 10419 23082 16370 -23467 2357 22942 -3780 1302 1020 29434 -8339 29030 16676 19535 -28903 -17766 16575 -17215 -3963 31667 10069 7555 21695 15677 -23136 -2404 26201 -2507 27852 28226 2975 -12404 23421 3344 21022 6183 6601 -28886 -535 22564 -28153 -12077 25340 8321 7628 -30919 20471 29350 -27380 31205 -7268 -10704 -24471 -2782 18514 21394 -27344 -12447 1286 -22607 -19756 -27941 -2424 29634 21805 -24581 14036 32118 27593 14053 -3322 334 28908 28160 -28415
292
-26529 -6405 -26215 29441 -31313 -9703 11901 2794 17338 30826 19353 -21935 31175 5853 8089 13604 -1513 -30520 -6433 7681 -7061 18835 21014 10848 -24259 21164 15907 15426 6769 -22118 -26935 -12298 1823 4677 -17925 -7936 -8528 -18419 3203 -12752 4111 22461 10348 -776 -7015 -27414 14270 4509 13034 -12051 -6460 -17255 1067 7918 -2797 -30624 -8516 -24196 22683 10601 -14161 9431 6741 8773 -21747 -13964 -749 15516 16590 -28782 -15995 13882 -24587 25065 24792 4813 -11478 -30608 -25636 3690 15585 13719 14145 8201 -22496 -602 23638 3076 7691 212 -5965 -1692 16031 -31529 -11348 26228 15965 23836 11872 -26388 -19978 -16025 -23973 -31592 -12525 -32301 5663 -12350 13140 27529 -19981 7884 -12559 516 -9329 -28455 -11251 13077 32657 -27340 -29272 -16604 -15225 7964 -21916 10394 26742 -4056 -28830 -7477 6556 31145 32323 4533 -17218 9370 -16373 -21450 10625 -18076 -29727 13891 24248 30209 23731 19352 21003 11266 -21924 12385 -28127 -22329 -31596 26077 -18015 32295 -24966 -15468 -22522 -29103 -22773 -19989 -21987 3993 -18108 2305 -2192 -5393 -2660 18942 -15420 -294 29817 1789 16229 -1867 -19725 2453 -29007 -4568 -27187 -14718 -24703 -21642 -22149 30486 31040 -28415 1951 1503 -17441 -7995 9378 -1790 13429 1062 23730 958 -1745 -28684 19832 -2059 12178 -19228 -31137 -19704 22869 -1513 20317 29498 29565 -7147 -16097 -19882 -20657 -9727 -24805 15303 21851 -31971 -11558 -5169 -13866 27579 -16614 -7983 -18064 29328 -13671 -8490 -22341 6347 -1651 -30000 9410 20414 2263 -14195 -21959 -25883 28900 32711 -2518 1403 26861 11303 30645 -20184 14283 15152 -7152 -29460 -30556 13988 30548 27248 -23295 -11752 -23926 13845 1562 -16519 -21290 -12943 -29333 14510 32012 31308 -26460 13741 7675 22562 32480 26236 9624 -18886 15767 -21556 20172 4694 14456 15505 20031 -23760 19328 31863 4322 28313 24623 2666 -2662 -27127	